0.733933
0.569419
0.832588
0.389664
0.725953
0.817932
0.752726
0.125194
0.719342
0.442779
0.14054
0.898152
0.616484
0.227263
0.85511
0.213227
0.25271
0.0748858
0.103115
0.727191
0.498483
0.830087
0.577101
0.115067
0.842108
0.484942
0.540097
0.203557
0.544877
0.935339
0.33358
0.615946
0.931079
0.720833
0.678723
0.768882
0.817225
0.867503
0.781606
0.109784
0.885428
0.615343
0.564012
0.151516
0.905158
0.738227
0.309783
0.673285
0.125309
0.806295
0.190961
0.570297
0.319689
0.270162
0.475136
0.790209
0.892519
0.887035
0.765777
0.60731
0.618349
0.698255
0.681181
0.340306
0.545909
0.621883
0.124677
0.145312
0.965713
0.327684
0.695946
0.390285
0.430645
0.615651
0.919905
0.111562
0.25469
0.717718
0.413622
0.652489
0.187022
0.533263
0.352624
0.832461
0.33333
0.473142
0.702527
0.860258
0.157173
0.620163
0.402531
0.477096
0.370475
0.228454
0.170106
0.38195
0.467209
0.614516
0.818523
0.727538
0.343391
0.0604678
0.760146
0.652779
0.485866
0.199588
0.622993
0.372572
0.229957
0.180806
0.905716
0.585555
0.607702
0.430069
0.58107
0.590581
0.188973
0.333076
0.534875
0.919925
0.36963
0.159198
0.158528
0.358162
0.567844
0.77311
0.8636
0.336663
0.653311
0.59184
0.448523
0.615702
0.742068
0.622859
0.212057
0.188485
0.160417
0.81032
0.947256
0.675235
0.274604
0.757692
0.362852
0.595927
0.505597
0.612436
0.437196
0.0857478
0.464022
0.788199
0.433469
0.577193
0.622959
0.245317
0.877052
0.0483951
0.814833
0.533526
0.593352
0.27376
0.204267
0.570216
0.591013
0.454577
0.688535
0.832037
0.251336
0.599681
0.97558
0.56256
0.750254
0.358676
0.919949
0.649639
0.621158
0.302899
0.281727
0.614409
0.898666
0.484766
0.709239
0.816298
0.466405
0.67817
0.6699
0.0914363
0.309386
0.22579
0.355321
0.637033
0.913613
0.336523
0.378143
0.569629
0.52945
0.950077
0.775711
0.442102
0.0672123
0.153854
0.541108
0.83748
0.764467
0.752876
0.464349
0.0509431
0.680931
0.0365006
0.0973908
0.382558
0.599932
0.708797
0.749056
0.518575
0.758607
0.809677
0.820373
0.420339
0.509807
0.22328
0.657592
0.66153
0.440699
0.53554
0.86343
0.842102
0.124177
0.265331
0.264197
0.172409
0.634313
0.441564
0.489871
0.728585
0.374282
0.700415
0.345379
0.155619
0.507809
0.509489
0.648596
0.643874
0.949079
0.886054
0.680426
0.458402
0.863838
0.55949
0.350197
0.475519
0.253439
0.370819
0.518868
0.587734
0.450878
0.679809
0.522142
0.520778
0.581934
0.284264
0.427279
0.386838
0.48765
0.707931
0.249627
0.51158
0.604736
0.338877
0.0437057
0.1508
0.624777
0.394071
0.654924
0.415252
0.752356
0.908567
0.609162
0.258454
0.692685
0.539436
0.272466
0.315348
0.772726
0.79057
0.786569
0.761199
0.837336
0.701345
0.173885
0.90188
0.83659
0.377924
0.630817
0.955878
0.547626
0.374445
0.547317
0.758246
0.505126
0.753603
0.210686
0.870302
0.877224
0.470961
0.608376
0.155213
0.344583
0.609264
0.722492
0.606471
0.362239
0.468113
0.843975
0.455277
0.69614
0.494584
0.916972
0.755944
0.203761
0.85456
0.355123
0.253496
0.229458
0.269219
0.351022
0.627897
0.915947
0.860361
0.423764
0.259934
0.580985
0.462329
0.4015
0.681799
0.710323
0.0916777
0.468265
0.709611
0.52674
0.327698
0.275213
0.930151
0.710186
0.52432
0.214111
0.70651
0.268562
0.642709
0.184607
0.636771
0.161725
0.769248
0.367167
0.669751
0.353886
0.378642
0.24997
0.475112
0.359924
0.0780218
0.352815
0.64402
0.0717399
0.296604
0.164113
0.569255
0.510403
0.630651
0.316498
0.44794
0.680135
0.338521
0.433243
0.308323
0.742923
0.518897
0.38543
0.469794
0.486118
0.613601
0.482808
0.850322
0.0637303
0.249153
0.554145
0.483578
0.932602
0.130444
0.271075
0.418342
0.72922
0.426622
0.538607
0.939718
0.323146
0.355154
0.331555
0.098822
0.393137
0.911268
